this is out2(1,1,.,.) = 
  999  999  999  999
  999  999  999  999
  999  999  999  999
  999  999  999  999

(1,2,.,.) = 
  999  999  999  999
  999  999  999  999
  999  999  999  999
  999  999  999  999

(1,3,.,.) = 
  999  999  999  999
  999  999  999  999
  999  999  999  999
  999  999  999  999

(1,4,.,.) = 
  999  999  999  999
  999  999  999  999
  999  999  999  999
  999  999  999  999
[ CUDAFloatType{1,4,4,4} ]
this is out(1,1,.,.) = 
  999  999  999  999
  999  999  999  999
  999  999  999  999
  999  999  999  999

(1,2,.,.) = 
  999  999  999  999
  999  999  999  999
  999  999  999  999
  999  999  999  999

(1,3,.,.) = 
  999  999  999  999
  999  999  999  999
  999  999  999  999
  999  999  999  999

(1,4,.,.) = 
  999  999  999  999
  999  999  999  999
  999  999  999  999
  999  999  999  999
[ CUDAFloatType{1,4,4,4} ]
++++++++++++++++++++++++++++++++++++++++++++++++++
********************    input
tensor([[[[999., 999., 999., 999.],
          [999., 999., 999., 999.],
          [999., 999., 999., 999.],
          [999., 999., 999., 999.]],

         [[999., 999., 999., 999.],
          [999., 999., 999., 999.],
          [999., 999., 999., 999.],
          [999., 999., 999., 999.]],

         [[999., 999., 999., 999.],
          [999., 999., 999., 999.],
          [999., 999., 999., 999.],
          [999., 999., 999., 999.]],

         [[999., 999., 999., 999.],
          [999., 999., 999., 999.],
          [999., 999., 999., 999.],
          [999., 999., 999., 999.]]]], device='cuda:0', requires_grad=True)
********************    out
tensor([[[[999., 999., 999., 999.],
          [999., 999., 999., 999.],
          [999., 999., 999., 999.],
          [999., 999., 999., 999.]],

         [[999., 999., 999., 999.],
          [999., 999., 999., 999.],
          [999., 999., 999., 999.],
          [999., 999., 999., 999.]],

         [[999., 999., 999., 999.],
          [999., 999., 999., 999.],
          [999., 999., 999., 999.],
          [999., 999., 999., 999.]],

         [[999., 999., 999., 999.],
          [999., 999., 999., 999.],
          [999., 999., 999., 999.],
          [999., 999., 999., 999.]]]], device='cuda:0',
       grad_fn=<swap_FunctionBackward>)
********************    input.grad
tensor([[[[1., 1., 1., 1.],
          [1., 1., 1., 1.],
          [1., 1., 1., 1.],
          [1., 1., 1., 1.]],

         [[1., 1., 1., 1.],
          [1., 1., 1., 1.],
          [1., 1., 1., 1.],
          [1., 1., 1., 1.]],

         [[1., 1., 1., 1.],
          [1., 1., 1., 1.],
          [1., 1., 1., 1.],
          [1., 1., 1., 1.]],

         [[1., 1., 1., 1.],
          [1., 1., 1., 1.],
          [1., 1., 1., 1.],
          [1., 1., 1., 1.]]]], device='cuda:0')
********************    shift_layer.temporal_position
